2.307992846121856090e+01
2.297641613907280345e+01
2.285807056256778935e+01
2.273152021962093627e+01
2.259588881274188310e+01
2.245066758167446608e+01
2.229981654090804710e+01
2.214719042359106993e+01
2.199006324855484351e+01
2.183593771525140070e+01
2.167373479965470295e+01
2.150785591758300797e+01
2.134078221211638748e+01
2.117623140618608346e+01
2.101180316191339514e+01
2.085091303860039602e+01
2.068083484648748893e+01
2.051601345534616527e+01
2.035277739559916910e+01
2.019255071991891270e+01
2.001817050705620815e+01
1.999358217483176503e+01
