1.000000000000000000e+00
9.939399127552601687e-01
9.879165501679330053e-01
9.819296896833928923e-01
9.759791100957101451e-01
9.700645915394864316e-01
9.641859154817231659e-01
9.583428647137546275e-01
9.525352233432152760e-01
9.467627767860664623e-01
9.410253117586707683e-01
9.353226162699035395e-01
9.296544796133284771e-01
9.240206923594086463e-01
9.184210463477655573e-01
9.128553346794917589e-01
9.073233517095078415e-01
9.018248930389572982e-01
8.963597555076630030e-01
8.909277371866117790e-01
8.855286373705023584e-01
8.801622565703205447e-01
8.748283965059773237e-01
8.695268600989741747e-01
8.642574514651296669e-01
8.590199759073334773e-01
8.538142399083608058e-01
8.486400511237139899e-01
8.434972183745237384e-01
8.383855516404777886e-01
8.333048620528071826e-01
8.282549618873001895e-01
8.232356645573745135e-01
8.182467846071744821e-01
8.132881377047271876e-01
8.083595406351237189e-01
8.034608112937570157e-01
7.985917686795864778e-01
7.937522328884569767e-01
7.889420251064449552e-01
7.841609676032581522e-01
7.794088837256618607e-01
7.746855978909591434e-01
7.699909355804955835e-01
7.653247233332188815e-01
7.606867887392623206e-01
7.560769604335815242e-01
7.514950680896154145e-01
7.469409424130005748e-01
7.424144151353088139e-01
7.379153190078362456e-01
7.334434877954179033e-01
7.289987562702914259e-01
7.245809602059857246e-01
7.201899363712600532e-01
7.158255225240658381e-01
7.114875574055584684e-01
7.071758807341331776e-01
7.028903331995085546e-01
6.986307564568344786e-01
6.943969931208474611e-01
6.901888867600493027e-01
6.860062818909334892e-01
6.818490239722340140e-01
6.777169593992216079e-01
6.736099354980217280e-01
6.695278005199801763e-01
6.654704036360494790e-01
6.614375949312227831e-01
6.574292253989879597e-01
6.534451469358283360e-01
6.494852123357446327e-01
6.455492752848216442e-01
6.416371903558162337e-01
6.377488130027902935e-01
6.338839995557632445e-01
6.300426072154107215e-01
6.262244940477812438e-01
6.224295189790586269e-01
6.186575417903433793e-01
6.149084231124776201e-01
6.111820244208898689e-01
6.074782080304825804e-01
6.037968370905389959e-01
6.001377755796722946e-01
5.965008883007947293e-01
5.928860408761270628e-01
5.892930997422286543e-01
5.857219321450675142e-01
5.821724061351102320e-01
5.786443905624513162e-01
5.751377550719627418e-01
5.716523700984829093e-01
5.681881068620231456e-01
5.647448373630157281e-01
5.613224343775787828e-01
5.579207714528209294e-01
5.545397229021635788e-01
5.511791638007026428e-01
5.478389699805870094e-01
5.445190180264360968e-01
5.412191852707752826e-01
5.379393497895073040e-01
5.346793903974037532e-01
5.314391866436312117e-01
5.282186188072965916e-01
5.250175678930284473e-01
5.218359156265749421e-01
5.186735444504392278e-01
5.155303375195304794e-01
5.124061786968520105e-01
5.093009525492047107e-01
5.062145443429274527e-01
5.031468400396524876e-01
5.000977262920970334e-01
4.970670904398702961e-01
4.940548205053157393e-01
4.910608051893686210e-01
4.880849338674489446e-01
4.851270965853685113e-01
4.821871840552738320e-01
4.792650876516029723e-01
4.763606994070763156e-01
4.734739120087036457e-01
4.706046187938225933e-01
4.677527137461539586e-01
4.649180914918884522e-01
4.621006472957891464e-01
4.593002770573259563e-01
4.565168773068248309e-01
4.537503452016493077e-01
4.510005785223959451e-01
4.482674756691220619e-01
4.455509356575880209e-01
4.428508581155269908e-01
4.401671432789391325e-01
4.374996919884002744e-01
4.348484056854037827e-01
4.322131864087137010e-01
4.295939367907499196e-01
4.269905600539862234e-01
4.244029600073782049e-01
4.218310410428076640e-01
4.192747081315483793e-01
4.167338668207583585e-01
4.142084232299863000e-01
4.116982840477089178e-01
4.092033565278656582e-01
4.067235484864669126e-01
4.042587682981492181e-01
4.018089248928118917e-01
3.993739277522467823e-01
3.969536869067942786e-01
3.945481129320136948e-01
3.921571169453987316e-01
3.897806106030644591e-01
3.874185060965023575e-01
3.850707161493313047e-01
3.827371540140723782e-01
3.804177334689440859e-01
3.781123688146721395e-01
3.758209748713403631e-01
3.735434669752173420e-01
3.712797609756453565e-01
3.690297732319272050e-01
3.667934206102356764e-01
3.645706204805371775e-01
3.623612907135566608e-01
3.601653496777163510e-01
3.579827162361375881e-01
3.558133097436381176e-01
3.536570500437524189e-01
3.515138574657704074e-01
3.493836528217890147e-01
3.472663574038035161e-01
3.451618929807739322e-01
3.430701817957512167e-01
3.409911465630006688e-01
3.389247104651453846e-01
3.368707971503288601e-01
3.348293307293892518e-01
3.328002357730716620e-01
3.307834373092172764e-01
3.287788608200087892e-01
3.267864322392138310e-01
3.248060779494473249e-01
3.228377247794522731e-01
3.208813000013920891e-01
3.189367313281785132e-01
3.170039469107779895e-01
3.150828753355721656e-01
3.131734456217154516e-01
3.112755872185124506e-01
3.093892300028073250e-01
3.075143042764078016e-01
3.056507407634876938e-01
3.037984706080419373e-01
3.019574253713389611e-01
3.001275370293920441e-01
2.983087379704453812e-01
2.965009609924730838e-01
2.947041393007098220e-01
2.929182065051619266e-01
2.911430966181682845e-01
2.893787440519588472e-01
2.876250836162310698e-01
2.858820505157414482e-01
2.841495803479078264e-01
2.824276091004436773e-01
2.807160731489720673e-01
2.790149092546888587e-01
2.773240545620225816e-01
2.756434465963120695e-01
2.739730232614946970e-01
2.723127228378252052e-01
2.706624839795757076e-01
2.690222457127818267e-01
2.673919474329867763e-01
2.657715289030023187e-01
2.641609302506826018e-01
2.625600919667089861e-01
2.609689549024041266e-01
2.593874602675272922e-01
2.578155496281149262e-01
2.562531649043182647e-01
2.547002483682576646e-01
2.531567426418894207e-01
2.516225906948827418e-01
2.500977358425245933e-01
2.485821217436072761e-01
2.470756923983587483e-01
2.455783921463704778e-01
2.440901656645408646e-01
2.426109579650281289e-01
2.411407143932303709e-01
2.396793806257488391e-01
2.382269026683918600e-01
2.367832268541775476e-01
2.353482998413505001e-01
2.339220686114109882e-01
2.325044804671533571e-01
2.310954830307297148e-01
2.296950242416985477e-01
2.283030523551114743e-01
2.269195159395993033e-01
2.255443638754715263e-01
2.241775453528270790e-01
2.228190098696749555e-01
2.214687072300784709e-01
2.201265875422847018e-01
2.187926012168918688e-01
2.174666989650141935e-01
2.161488317964609107e-01
2.148389510179234685e-01
2.135370082311867368e-01
2.122429553313252837e-01
2.109567445049362888e-01
2.096783282283703476e-01
2.084076592659754867e-01
2.071446906683518940e-01
2.058893757706148353e-01
2.046416681906800816e-01
2.034015218275357639e-01
2.021688908595482836e-01
2.009437297427673352e-01
1.997259932092430024e-01
1.985156362653529016e-01
1.973126141901376807e-01
1.961168825336579991e-01
1.949283971153378814e-01
1.937471140223418764e-01
1.925729896079501346e-01
1.914059804899458095e-01
1.902460435490097301e-01
1.890931359271363910e-01
1.879472150260367291e-01
1.868082385055732930e-01
1.856761642821935787e-01
1.845509505273750517e-01
1.834325556660797163e-01
1.823209383752157353e-01
1.812160575821192832e-01
1.801178724630241035e-01
1.790263424415614868e-01
1.779414271872591657e-01
1.768630866140510627e-01
1.757912808787961412e-01
1.747259703798042241e-01
1.736671157553809908e-01
1.726146778823612338e-01
1.715686178746716750e-01
1.705288970818919780e-01
1.694954770878266126e-01
1.684683197090857953e-01
1.674473869936722314e-01
1.664326412195870353e-01
1.654240448934240770e-01
1.644215607489923625e-01
1.634251517459373582e-01
1.624347810683723359e-01
1.614504121235160738e-01
1.604720085403485430e-01
1.594995341682555745e-01
1.585329530757007832e-01
1.575722295488959923e-01
1.566173280904817056e-01
1.556682134182155175e-01
1.547248504636666855e-01
1.537872043709277436e-01
1.528552404953154586e-01
1.519289244020983198e-01
1.510082218652223363e-01
1.500930988660462151e-01
1.491835215920830349e-01
1.482794564357576561e-01
1.473808699931545285e-01
1.464877290627905337e-01
1.456000006443863570e-01
1.447176519376474069e-01
1.438406503410515347e-01
1.429689634506431106e-01
1.421025590588423371e-01
1.412414051532451253e-01
1.403854699154469809e-01
1.395347217198657230e-01
1.386891291325730025e-01
1.378486609101327864e-01
1.370132859984453666e-01
1.361829735316064938e-01
1.353576928307569927e-01
1.345374134029560798e-01
1.337221049400527106e-01
1.329117373175658645e-01
1.321062805935716289e-01
1.313057050075950860e-01
1.305099809795171595e-01
1.297190791084721073e-01
1.289329701717676080e-01
1.281516251238034310e-01
1.273750150949981286e-01
1.266031113907210293e-01
1.258358854902378865e-01
1.250733090456481178e-01
1.243153538808433184e-01
1.235619919904648450e-01
1.228131955388689633e-01
1.220689368590982260e-01
1.213291884518581526e-01
1.205939229845065935e-01
1.198631132900351420e-01
1.191367323660715294e-01
1.184147533738800495e-01
1.176971496373701298e-01
1.169838946421106057e-01
1.162749620343487139e-01
1.155703256200419221e-01
1.148699593638815991e-01
1.141738373883368907e-01
1.134819339726969994e-01
