1.000000000000000000e+00
9.924544288307117768e-01
9.849657933056928938e-01
9.775336638129904498e-01
9.701576139823129274e-01
9.628372206605826378e-01
9.555720638876470385e-01
9.483617268721992177e-01
9.412057959678560293e-01
9.341038606494327379e-01
9.270555134893956328e-01
9.200603501344790658e-01
9.131179692824977767e-01
9.062279726593208684e-01
8.993899649960201970e-01
8.926035540061978413e-01
8.858683503634844358e-01
8.791839676791954883e-01
8.725500224801749916e-01
8.659661341867854745e-01
8.594319250910857910e-01
8.529470203351513513e-01
8.465110478895802038e-01
8.401236385321394495e-01
8.337844258265938446e-01
8.274930461016739569e-01
8.212491384302226249e-01
8.150523446084796397e-01
8.089023091355411754e-01
8.027986791929562216e-01
7.967411046244953221e-01
7.907292379160527629e-01
7.847627341757201780e-01
7.788412511139909400e-01
7.729644490241328603e-01
7.671319907626905632e-01
7.613435417301528396e-01
7.555987698517490081e-01
7.498973455584059256e-01
7.442389417678336727e-01
7.386232338657687801e-01
7.330498996873436868e-01
7.275186194986132948e-01
7.220290759782033163e-01
7.165809541991143838e-01
7.111739416106475087e-01
7.058077280204810844e-01
7.004820055768679055e-01
6.951964687509819552e-01
6.899508143193825438e-01
6.847447413466273280e-01
6.795779511679995721e-01
6.744501473723824025e-01
6.693610357852460835e-01
6.643103244517800654e-01
6.592977236201352786e-01
6.543229457248098679e-01
6.493857053701440618e-01
6.444857193139551521e-01
6.396227064512809424e-01
6.347963877982599756e-01
6.300064864761203420e-01
6.252527276953016022e-01
6.205348387396842913e-01
6.158525489509512063e-01
6.112055897130533877e-01
6.065936944368067740e-01
6.020165985445915524e-01
5.974740394551805167e-01
5.929657565686684562e-01
5.884914912515287755e-01
5.840509868217690359e-01
5.796439885342123954e-01
5.752702435658765268e-01
5.709295010014764360e-01
5.666215118190227606e-01
5.623460288755426362e-01
5.581028068928948205e-01
5.538916024437049446e-01
5.497121739373941329e-01
5.455642816063254186e-01
5.414476874920425287e-01
5.373621554316246884e-01
5.333074510441325744e-01
5.292833417171673993e-01
5.252895965935210354e-01
5.213259865579378260e-01
5.173922842239648823e-01
5.134882639209122912e-01
5.096137016809020315e-01
5.057683752260243581e-01
5.019520639555803410e-01
4.981645489334324273e-01
4.944056128754381607e-01
4.906750401369909809e-01
4.869726167006432904e-01
4.832981301638340499e-01
4.796513697266982512e-01
4.760321261799789760e-01
4.724401918930196675e-01
4.688753608018586538e-01
4.653374283974019976e-01
4.618261917136957662e-01
4.583414493162781267e-01
4.548830012906274201e-01
4.514506492306889496e-01
4.480441962274974710e-01
4.446634468578757327e-01
4.413082071732286615e-01
4.379782846884113789e-01
4.346734883706921959e-01
4.313936286287877730e-01
4.281385173019917612e-01
4.249079676493754953e-01
4.217017943390795054e-01
4.185198134376768020e-01
4.153618423996256470e-01
4.122277000567919902e-01
4.091172066080615011e-01
4.060301836090193794e-01
4.029664539617183738e-01
3.999258419045140234e-01
3.969081730019859977e-01
3.939132741349268274e-01
3.909409734904144007e-01
3.879911005519511291e-01
3.850634860896858802e-01
3.821579621507013580e-01
3.792743620493831402e-01
3.764125203578525536e-01
3.735722728964812611e-01
3.707534567244675783e-01
3.679559101304934465e-01
3.651794726234436905e-01
3.624239849231997712e-01
3.596892889515048153e-01
3.569752278228900400e-01
3.542816458356795595e-01
3.516083884630533674e-01
3.489553023441867574e-01
3.463222352754476985e-01
3.437090362016693157e-01
3.411155552074821573e-01
3.385416435087124087e-01
3.359871534438496066e-01
3.334519384655720287e-01
3.309358531323454145e-01
3.284387531000617644e-01
3.259604951137934914e-01
3.235009369995364703e-01
3.210599376560755447e-01
3.186373570468847838e-01
3.162330561920941863e-01
3.138468971605110069e-01
3.114787430617265152e-01
3.091284580382343550e-01
3.067959072576549873e-01
3.044809569049964915e-01
3.021834741749773179e-01
2.999033272644076598e-01
2.976403853646238384e-01
2.953945186540010703e-01
2.931655982904801672e-01
2.909534964041928240e-01
2.887580860901221569e-01
2.865792414008221378e-01
2.844168373391877669e-01
2.822707498513015723e-01
2.801408558192906018e-01
2.780270330542812252e-01
2.759291602893845785e-01
2.738471171727394626e-01
2.717807842606085877e-01
2.697300430105215585e-01
2.676947757744909118e-01
2.656748657922383128e-01
2.636701971845122339e-01
2.616806549464366638e-01
2.597061249409127748e-01
2.577464938920714932e-01
2.558016493787709789e-01
2.538714798281624940e-01
2.519558745092669860e-01
2.500547235266373791e-01
2.481679178140508979e-01
2.462953491282512675e-01
2.444369100427397357e-01
2.425924939416081449e-01
2.407619950134369802e-01
2.389453082452036303e-01
2.371423294162722795e-01
2.353529550924113589e-01
2.335770826198596550e-01
2.318146101194337172e-01
2.300654364806971053e-01
2.283294613561389907e-01
2.266065851554313337e-01
2.248967090397119284e-01
2.231997349159144939e-01
2.215155654311405375e-01
2.198441039670718522e-01
2.181852546344402177e-01
2.165389222675070946e-01
2.149050124186169808e-01
2.132834313527758596e-01
2.116740860422738069e-01
2.100768841613480931e-01
2.084917340808834785e-01
2.069185448631682689e-01
2.053572262566579765e-01
2.038076886908110619e-01
2.022698432709467142e-01
2.007436017731453193e-01
1.992288766391841492e-01
1.977255809715260937e-01
1.962336285283169113e-01
1.947529337184491227e-01
1.932834115966491351e-01
1.918249778586041399e-01
1.903775488361252044e-01
1.889410414923450854e-01
1.875153734169654474e-01
1.861004628215123524e-01
1.846962285346554489e-01
1.833025899975483652e-01
1.819194672592072959e-01
1.805467809719242256e-01
1.791844523867122951e-01
1.778324033487986844e-01
1.764905562931250449e-01
1.751588342399082454e-01
1.738371607902217397e-01
1.725254601216123784e-01
1.712236569837482791e-01
1.699316766941117995e-01
1.686494451337002265e-01
1.673768887427831698e-01
1.661139345166807169e-01
1.648605100015748670e-01
1.636165432903530781e-01
1.623819630184806517e-01
1.611566983599161673e-01
1.599406790230341879e-01
1.587338352466018399e-01
1.575360977957747377e-01
1.563473979581250783e-01
1.551676675396992389e-01
1.539968388611039352e-01
1.528348447536323207e-01
1.516816185553968854e-01
1.505370941075145630e-01
1.494012057503086854e-01
1.482738883195424962e-01
1.471550771426783089e-01
1.460447080351763571e-01
1.449427172967992505e-01
1.438490417079664463e-01
1.427636185261252910e-01
1.416863854821515112e-01
1.406172807767769595e-01
1.395562430770421469e-01
1.385032115127859953e-01
1.374581256731415568e-01
1.364209256030781137e-01
1.353915517999600970e-01
1.343699452101333458e-01
1.333560472255371221e-01
1.323497996803401078e-01
1.313511448476112620e-01
1.303600254359963406e-01
1.293763845864389916e-01
1.284001658689170045e-01
1.274313132792048719e-01
1.264697712356590842e-01
1.255154845760370064e-01
1.245683985543210304e-01
1.236284588375853172e-01
1.226956115028770833e-01
1.217698030341229920e-01
1.208509803190589843e-01
1.199390906461816897e-01
1.190340817017313396e-01
1.181359015666802875e-01
1.172444987137610528e-01
1.163598220045090198e-01
1.154818206863284652e-01
1.146104443895809843e-01
1.137456431246941513e-01
1.128873672793004740e-01
1.120355676153811098e-01
1.111901952664478138e-01
1.103512017347379887e-01
1.095185388884321875e-01
1.086921589588932258e-01
1.078720145379238743e-01
1.070580585750536412e-01
1.062502443748299108e-01
1.054485255941455119e-01
1.046528562395785261e-01
1.038631906647536629e-01
1.030794835677220495e-01
1.023016899883684716e-01
1.015297653058229305e-01
1.007636652359068796e-01
1.000033458285911614e-01
9.924876346547471806e-02
9.849987485728228798e-02
9.775663704137937948e-02
9.701900737931352936e-02
9.628694355435936381e-02
9.556040356909685507e-02
9.483934574300049991e-02
9.412372871004807962e-02
9.341351141634639255e-02
9.270865311778136997e-02
9.200911337767243847e-02
9.131485206445824621e-02
9.062582934939299173e-02
8.994200570426154340e-02
8.926334189911161454e-02
8.858979900000218954e-02
8.792133836677487602e-02
8.725792165082943419e-02
8.659951079292906029e-02
8.594606802101560639e-02
8.529755584804267488e-02
8.465393706982506095e-02
8.401517476290314146e-02
8.338123228242962093e-02
8.275207326005969144e-02
8.212766160186987796e-02
8.150796148628590421e-02
8.089293736202762819e-02
8.028255394606979845e-02
7.967677622161643824e-02
7.907556943609689304e-02
7.847889909916495876e-02
7.788673098072494694e-02
7.729903110896681195e-02
7.671576576841718231e-02
7.613690149800413087e-02
7.556240508914197074e-02
7.499224358381938182e-02
7.442638427271318358e-02
7.386479469331073966e-02
7.330744262804764211e-02
7.275429610245928713e-02
7.220532338334574585e-02
7.166049297695537001e-02
7.111977362717156192e-02
7.058313431372419122e-02
7.005054425040865840e-02
6.952197288331993241e-02
6.899738988909961956e-02
6.847676517319538358e-02
6.796006886813853176e-02
6.744727133182433498e-02
6.693834314581585676e-02
6.643325511365498481e-02
