0.00497599898116702	0.998331943286072
0.010095998960708	1
0.01521599894025	0.933555740895191
0.020335998919791	0.815957742563247
0.025455998899333	0.774534334167361
0.030575998878874	0.810953572421462
0.035695998858416	0.921045315540728
0.040815998837957	0.941896024464832
0.045935998817498	0.948012232415902
0.05105599879704	0.900194606616625
0.056175998776581	0.879621907144843
0.061295998756123	0.86488740617181
0.066415998735665	0.874061718098415
0.071535998715206	0.827078120656102
0.076655998694747	0.778426466499861
0.081775998674289	0.847650820127884
0.08689599865383	0.847650820127884
0.092015998633372	0.8426466499861
0.097135998612913	0.768974145120934
0.102255998592455	0.820683903252711
0.107375998571996	0.674728940783987
0.112495998551538	0.795663052543786
0.117615998531079	0.824298026132888
0.122735998510621	0.820683903252711
0.127855998490162	0.761745899360578
0.132975998469704	0.801779260494857
0.138095998449245	0.767028078954684
0.143215998428787	0.706700027800945
0.148335998408328	0.743119266055046
0.15345599838787	0.67333889352238
0.158575998367411	0.726160689463442
0.163695998346953	0.675840978593272
0.168815998326494	0.726994717820406
0.173935998306036	0.661106477620239
0.179055998285577	0.730052821795941
0.184175998265119	0.712816235752015
0.18929599824466	0.6814011676397
0.194415998224202	0.705865999443981
0.199535998203743	0.689185432304698
0.204655998183285	0.71170419794273
0.209775998162826	0.666110647762024
0.214895998142368	0.691409507923269
0.220015998121909	0.683347233805949
0.225135998101451	0.719488462607729
0.230255998080992	0.670002780094523
0.235375998060534	0.63302752293578
0.240495998040075	0.601334445371142
0.245615998019617	0.666388657214345
0.250735997999158	0.663886572143453
0.2558559979787	0.724770642201835
0.260975997958241	0.691687517375591
0.266095997937783	0.662774534334167
0.271215997917324	0.685293299972199
0.276335997896866	0.602168473728107
0.281455997876407	0.589936057825966
0.286575997855949	0.609396719488463
0.29169599783549	0.651376146788991
0.296815997815032	0.627745343341674
0.301935997794573	0.653600222407562
0.307055997774115	0.580483736447039
0.312175997753656	0.627745343341674
0.317295997733198	0.621629135390603
0.322415997712739	0.563803169307756
0.327535997692281	0.605782596608285
0.332655997671822	0.625799277175424
0.337775997651364	0.579093689185432
0.342895997630905	0.59077008618293
0.348015997610447	0.549346677787045
0.353135997589988	0.529886016124548
0.35825599756953	0.621073116485961
0.363375997549071	0.551570753405616
0.368495997528613	0.587711982207395
0.373615997508154	0.611342785654712
0.378735997487696	0.484570475396163
0.383855997467237	0.607450653322213
0.388975997446779	0.582429802613289
0.39409599742632	0.603002502085071
0.399215997405862	0.578815679733111
0.404335997385403	0.531832082290798
0.409455997364945	0.584375868779539
0.414575997344486	0.54239644147901
0.419695997324028	0.532666110647762
0.424815997303569	0.581317764804003
0.429935997283111	0.571031415068112
0.435055997262652	0.519321656936336
0.440175997242194	0.536836252432583
0.445295997221735	0.585487906588824
0.450415997201277	0.493466777870448
0.455535997180818	0.487072560467056
0.46065599716036	0.548790658882402
0.465775997139901	0.572421462329719
0.470895997119443	0.51014734500973
0.476015997098984	0.566027244926327
0.481135997078526	0.437030859049208
0.486255997058067	0.54239644147901
0.491375997037609	0.46177370030581
0.49649599701715	0.561857103141507
0.501615996996692	0.531832082290798
0.506735996976233	0.475952182374201
0.511855996955775	0.455935501807061
0.516975996935316	0.455379482902419
0.522095996914858	0.485682513205449
0.527215996894399	0.477620239088129
0.532335996873941	0.462051709758132
0.537455996853482	0.521267723102585
0.542575996833024	0.481512371420628
0.547695996812565	0.450375312760634
0.552815996792107	0.48790658882402
0.557935996771648	0.492632749513483
0.56305599675119	0.455379482902419
0.568175996730731	0.451487350569919
0.573295996710273	0.43147067000278
0.578415996689814	0.477342229635808
0.583535996669356	0.487350569919377
0.588655996648897	0.453989435640812
0.593775996628439	0.482068390325271
0.59889599660798	0.465943842090631
0.604015996587522	0.449263274951348
0.609135996567063	0.477342229635808
0.614255996546605	0.475118154017237
0.619375996526146	0.39310536558243
0.624495996505688	0.38504309146511
0.629615996485229	0.442035029190992
0.634735996464771	0.424520433694746
0.639855996444312	0.404503753127606
0.644975996423854	0.438698915763136
0.650095996403395	0.447873227689741
0.655215996382937	0.435084792882958
0.660335996362478	0.407839866555463
0.66545599634202	0.373922713372255
0.670575996321561	0.40116763969975
0.675695996301103	0.434806783430637
0.680815996280644	0.427022518765638
0.685935996260185	0.44759521823742
0.691055996239727	0.472894078398666
0.696175996219268	0.440088963024743
0.70129599619881	0.373644703919933
0.706415996178351	0.40116763969975
0.711535996157893	0.398943564081179
0.716655996137434	0.406171809841535
0.721775996116976	0.390881289963859
0.726895996096518	0.407839866555463
0.732015996076059	0.409785932721712
0.737135996055601	0.442035029190992
0.742255996035142	0.369752571587434
0.747375996014684	0.39727550736725
0.75249599599422	0.376424798443147
0.75761599597377	0.443981095357242
0.76273599595331	0.369474562135113
0.76785599593285	0.325271059216013
0.77297599591239	0.370864609396719
0.77809599589193	0.378092855157075
0.78321599587147	0.41534612176814
0.78833599585102	0.324437030859049
0.79345599583056	0.348901862663331
0.7985759958101	0.378370864609397
0.80369599578964	0.380594940227968
0.80881599576918	0.367806505421184
0.81393599574872	0.355018070614401
0.81905599572826	0.398665554628857
0.82417599570781	0.341951626355296
0.82929599568735	0.352237976091187
0.83441599566689	0.355574089519044
0.83953599564643	0.395051431748679
0.84465599562597	0.376702807895468
0.84977599560551	0.346121768140117
0.85489599558506	0.384765082012788
0.8600159955646	0.411175979983319
0.86513599554414	0.376424798443147
0.87025599552368	0.395329441201001
0.87537599550322	0.390325271059216
0.88049599548276	0.382262996941896
0.8856159954623	0.345009730330831
0.89073599544185	0.333055323881012
0.89585599542139	0.357798165137615
0.90097599540093	0.335001390047262
0.90609599538047	0.39310536558243
0.91121599536001	0.359744231303864
0.91633599533955	0.318876841812622
0.92145599531909	0.31053655824298
0.92657599529864	0.344175701973867
0.93169599527818	0.325271059216013
0.93681599525772	0.314150681123158
0.94193599523726	0.320822907978871
0.9470559952168	0.318042813455657
0.95217599519634	0.369752571587434
0.95729599517588	0.36085626911315
0.96241599515543	0.294968028912983
0.96753599513497	0.300806227411732
0.97265599511451	0.366138448707256
0.97777599509405	0.366694467611899
0.98289599507359	0.362246316374757
0.98801599505313	0.366138448707256
0.99313599503268	0.365860439254935
0.99825599501222	0.324993049763692
1.00337599499176	0.349457881567973
1.0084959949713	0.351681957186544
1.01361599495084	0.3224909646928
1.01873599493038	0.313872671670837
1.02385599490992	0.408395885460106
1.02897599488947	0.29441201000834
1.03409599486901	0.243814289685849
1.03921599484855	0.340283569641368
1.04433599482809	0.296080066722269
1.04945599480763	0.308868501529052
1.05457599478717	0.247150403113706
1.05969599476671	0.302196274673339
1.06481599474626	0.337781484570475
1.0699359947258	0.271893244370309
1.07505599470534	0.328051153739227
1.08017599468488	0.298860161245482
1.08529599466442	0.25604670558799
1.09041599464396	0.24603836530442
1.09553599462351	0.28023352793995
1.10065599460305	0.2418682235196
1.10577599458259	0.293299972199055
1.11089599456213	0.309146510981373
1.11601599454167	0.292465943842091
1.12113599452121	0.27411731998888
1.12625599450075	0.274951348345844
1.1313759944803	0.29830414234084
1.13649599445984	0.289685849318877
1.14161599443938	0.290797887128162
1.14673599441892	0.241590214067278
1.15185599439846	0.235474006116208
1.156975994378	0.271337225465666
1.16209599435754	0.294134000556019
1.16721599433709	0.274673338893522
1.17233599431663	0.297470113983876
1.17745599429617	0.284125660272449
1.18257599427571	0.286627745343342
1.18769599425525	0.271337225465666
1.19281599423479	0.298026132888518
1.19793599421434	0.255768696135669
1.20305599419388	0.323324993049764
1.20817599417342	0.235195996663887
1.21329599415296	0.273283291631916
1.2184159941325	0.263274951348346
1.22353599411204	0.26410897970531
1.22865599409158	0.298860161245482
1.23377599407113	0.315540728384765
1.23889599405067	0.292743953294412
1.24401599403021	0.254934667778705
1.24913599400975	0.296636085626911
1.25425599398929	0.255212677231026
1.25937599396883	0.262440922991382
1.26449599394837	0.227967750903531
1.26961599392792	0.261884904086739
1.27473599390746	0.241034195162636
1.279855993887	0.225187656380317
1.28497599386654	0.248818459827634
1.29009599384608	0.263274951348346
1.29521599382562	0.256880733944954
1.30033599380517	0.246872393661384
1.30545599378471	0.261328885182096
1.31057599376425	0.253822629969419
1.31569599374379	0.236030025020851
1.32081599372333	0.225187656380317
1.32593599370287	0.225187656380317
1.33105599368241	0.210453155407284
1.33617599366196	0.20572699471782
1.3412959936415	0.224075618571031
1.34641599362104	0.231303864331387
1.35153599360058	0.229357798165138
1.35665599358012	0.233249930497637
1.36177599355966	0.257436752849597
1.3668959935392	0.195162635529608
1.37201599351875	0.255212677231026
1.37713599349829	0.245482346399778
1.38225599347783	0.245204336947456
1.38737599345737	0.309424520433695
1.39249599343691	0.258548790658882
1.39761599341645	0.277453433416736
1.402735993396	0.267445093133167
1.40785599337554	0.232137892688351
1.41297599335508	0.242424242424242
1.41809599333462	0.23992215735335
1.42321599331416	0.267445093133167
1.4283359932937	0.253266611064776
1.43345599327324	0.246316374756742
1.43857599325279	0.261328885182096
1.44369599323233	0.23185988323603
1.44881599321187	0.224353628023353
1.45393599319141	0.224353628023353
1.45905599317095	0.216847372810676
1.46417599315049	0.290519877675841
1.46929599313003	0.18543230469836
1.47441599310958	0.250486516541562
1.47953599308912	0.239366138448707
1.48465599306866	0.237420072282458
1.4897759930482	0.221017514595496
1.49489599302774	0.21378926883514
1.50001599300728	0.199888796219071
1.50513599298682	0.204614956908535
1.51025599296637	0.292743953294412
1.51537599294591	0.211287183764248
1.52049599292545	0.160689463441757
1.52561599290499	0.149847094801223
1.53073599288453	0.193772588268001
1.53585599286407	0.240200166805671
1.54097599284362	0.214345287739783
1.54609599282316	0.221295524047818
1.5512159928027	0.190992493744787
1.55633599278224	0.211287183764248
1.56145599276178	0.220461495690853
1.56657599274132	0.226855713094245
1.57169599272086	0.20767306088407
1.57681599270041	0.157909368918543
1.58193599267995	0.26216291353906
1.58705599265949	0.212955240478176
1.59217599263903	0.165137614678899
1.59729599261857	0.196830692243536
1.60241599259811	0.206839032527106
1.60753599257766	0.221573533500139
1.6126559925572	0.22379760911871
1.61777599253674	0.197386711148179
1.62289599251628	0.235195996663887
1.62801599249582	0.239366138448707
1.63313599247536	0.182096191270503
1.6382559924549	0.202112871837642
1.64337599243445	0.187378370864609
1.64849599241399	0.216569363358354
1.65361599239353	0.209063108145677
1.65873599237307	0.187100361412288
1.66385599235261	0.139282735613011
1.66897599233215	0.191270503197109
1.67409599231169	0.195718654434251
1.67921599229124	0.17347789824854
1.68433599227078	0.201000834028357
1.68945599225032	0.25410063942174
1.69457599222986	0.158465387823186
1.6996959922094	0.190158465387823
1.70481599218894	0.202946900194607
1.70993599216848	0.222407561857103
1.71505599214803	0.173755907700862
1.72017599212757	0.182930219627467
1.72529599210711	0.14512093411176
1.73041599208665	0.156797331109258
1.73553599206619	0.178760077842647
1.74065599204573	0.203502919099249
1.74577599202528	0.245760355852099
1.75089599200482	0.188490408673895
1.75601599198436	0.162913539060328
1.7611359919639	0.165693633583542
1.76625599194344	0.174033917153183
1.77137599192298	0.170975813177648
1.77649599190252	0.223241590214067
1.78161599188207	0.18543230469836
1.78673599186161	0.175145954962469
1.79185599184115	0.198776758409786
1.79697599182069	0.16930775646372
1.80209599180023	0.168195718654434
1.80721599177977	0.170975813177648
1.81233599175931	0.199054767862107
1.81745599173886	0.151515151515152
1.8225759917184	0.162913539060328
1.82769599169794	0.150125104253545
1.83281599167748	0.187378370864609
1.83793599165702	0.191826522101751
