1.000000000000000000e+00
9.958179933297114372e-01
9.916534758392124838e-01
9.875063743886380863e-01
9.833766161439916331e-01
9.792641285758715286e-01
9.751688394581921049e-01
9.710906768669204103e-01
9.670295691788078907e-01
9.629854450701350599e-01
9.589582335154610560e-01
9.549478637863704211e-01
9.509542654502373127e-01
9.469773683689851618e-01
9.430171026978536597e-01
9.390733988841742930e-01
9.351461876661502082e-01
9.312354000716346336e-01
9.273409674169262873e-01
9.234628213055562362e-01
9.196008936270928524e-01
9.157551165559403294e-01
9.119254225501525202e-01
9.081117443502413344e-01
9.043140149780013459e-01
9.005321677353271825e-01
8.967661362030486805e-01
8.930158542397579335e-01
8.892812559806537731e-01
8.855622758363793645e-01
8.818588484918757908e-01
8.781709089052289752e-01
8.744983923065339226e-01
8.708412341967506354e-01
8.671993703465774583e-01
8.635727367953173195e-01
8.599612698497599572e-01
8.563649060830577087e-01
8.527835823336172849e-01
8.492172357039848851e-01
8.456658035597467427e-01
8.421292235284242311e-01
8.386074334983834033e-01
8.351003716177388680e-01
8.316079762932729880e-01
8.281301861893486382e-01
8.246669402268376192e-01
8.212181775820418528e-01
8.177838376856314540e-01
8.143638602215753641e-01
8.109581851260868612e-01
8.075667525865638519e-01
8.041895030405435962e-01
8.008263771746514381e-01
7.974773159235639675e-01
7.941422604689671871e-01
7.908211522385278913e-01
7.875139329048604919e-01
7.842205443845071677e-01
7.809409288369132396e-01
7.776750286634158682e-01
7.744227865062279781e-01
7.711841452474355041e-01
7.679590480079894199e-01
7.647474381467114224e-01
7.615492592592952859e-01
7.583644551773195408e-01
7.551929699672577101e-01
7.520347479294995363e-01
7.488897335973689895e-01
7.457578717361541543e-01
7.426391073421327871e-01
7.395333856416108631e-01
7.364406520899560160e-01
7.333608523706441895e-01
7.302939323943010708e-01
7.272398382977568465e-01
7.241985164430955191e-01
7.211699134167174341e-01
7.181539760283967011e-01
7.151506513103516038e-01
7.121598865163100145e-01
7.091816291205869094e-01
7.062158268171578879e-01
7.032624275187452367e-01
7.003213793558978884e-01
6.973926306760858118e-01
6.944761300427878536e-01
6.915718262345927903e-01
6.886796682442954953e-01
6.857996052780057639e-01
6.829315867542512519e-01
6.800755623030942942e-01
6.772314817652419494e-01
6.743992951911702560e-01
6.715789528402423825e-01
6.687704051798389893e-01
6.659736028844848166e-01
6.631884968349858189e-01
6.604150381175627471e-01
6.576531780229961655e-01
6.549028680457670282e-01
6.521640598832084690e-01
6.494367054346539270e-01
6.467207568005960416e-01
6.440161662818413291e-01
6.413228863786769596e-01
6.386408697900320952e-01
6.359700694126513287e-01
6.333104383402632376e-01
6.306619298627608172e-01
6.280244974653772516e-01
6.253980948278723417e-01
6.227826758237160476e-01
6.201781945192810230e-01
6.175846051730333741e-01
6.150018622347322994e-01
6.124299203446261775e-01
6.098687343326607557e-01
6.073182592176805672e-01
6.047784502066441137e-01
6.022492626938327209e-01
5.997306522600708290e-01
5.972225746719421746e-01
5.947249858810172984e-01
5.922378420230751672e-01
5.897610994173373422e-01
5.872947145656968182e-01
5.848386441519578538e-01
5.823928450410713609e-01
5.799572742783812851e-01
5.775318890888662127e-01
5.751166468763921902e-01
5.727115052229612147e-01
5.703164218879672731e-01
5.679313548074568230e-01
5.655562620933854978e-01
5.631911020328875805e-01
5.608358330875383713e-01
5.584904138926295447e-01
5.561548032564378463e-01
5.538289601595060008e-01
5.515128437539199568e-01
5.492064133625907951e-01
5.469096284785431861e-01
5.446224487642004064e-01
5.423448340506819010e-01
5.400767443370814158e-01
5.378181397897964233e-01
5.355689807417938209e-01
5.333292276919324726e-01
5.310988413042653233e-01
5.288777824073488398e-01
5.266660119935500095e-01
5.244634912183790965e-01
5.222701813997815412e-01
5.200860440174751576e-01
5.179110407122705650e-01
5.157451332853962844e-01
5.135882836978282739e-01
5.114404540696181334e-01
5.093016066792439567e-01
5.071717039629232149e-01
5.050507085139690489e-01
5.029385830821300196e-01
5.008352905729355209e-01
4.987407940470398593e-01
4.966550567195905375e-01
4.945780419595570132e-01
4.925097132891042562e-01
4.904500343829478193e-01
4.883989690677154050e-01
4.863564813213126503e-01
4.843225352722852484e-01
4.822970951992058830e-01
4.802801255300224725e-01
4.782715908414492678e-01
4.762714558583411861e-01
4.742796854530740291e-01
4.722962446449272544e-01
4.703210985994664695e-01
4.683542126279464091e-01
4.663955521866789966e-01
4.644450828764417061e-01
4.625027704418701591e-01
4.605685807708557178e-01
4.586424798939470748e-01
4.567244339837495115e-01
4.548144093543460276e-01
4.529123724606832213e-01
4.510182898979968602e-01
4.491321284012216308e-01
4.472538548444072171e-01
4.453834362401323799e-01
4.435208397389405199e-01
4.416660326287406568e-01
4.398189823342477101e-01
4.379796564164066819e-01
4.361480225718230019e-01
4.343240486321948701e-01
4.325077025637451555e-01
4.306989524666727798e-01
4.288977665745711820e-01
4.271041132538848650e-01
4.253179610033497871e-01
4.235392784534405819e-01
4.217680343658193887e-01
4.200041976327839044e-01
4.182477372767348656e-01
4.164986224496107781e-01
4.147568224323608388e-01
4.130223066344013150e-01
4.112950445930786403e-01
4.095750059731306791e-01
4.078621605661678640e-01
4.061564782901222470e-01
4.044579291887323569e-01
4.027664834310142883e-01
4.010821113107375102e-01
3.994047832459029501e-01
3.977344697782205230e-01
3.960711415726046458e-01
3.944147694166395546e-01
3.927653242200792039e-01
3.911227770143331228e-01
3.894870989519577109e-01
3.878582613061495876e-01
3.862362354702378875e-01
3.846209929571945407e-01
3.830125053991148554e-01
3.814107445467321278e-01
3.798156822689182643e-01
3.782272905521897877e-01
3.766455415002125662e-01
3.750704073333244737e-01
3.735018603880290722e-01
3.719398731165214356e-01
3.703844180862021496e-01
3.688354679791950308e-01
3.672929955918673439e-01
3.657569738343491861e-01
3.642273757300696357e-01
3.627041744152651459e-01
3.611873431385193012e-01
3.596768552602904734e-01
3.581726842524438625e-01
3.566748036977852587e-01
3.551831872895946374e-01
3.536978088311755197e-01
3.522186422353774105e-01
3.507456615241493769e-01
3.492788408280809165e-01
3.478181543859475422e-01
3.463635765442555359e-01
3.449150817568027438e-01
3.434726445842129494e-01
3.420362396935004434e-01
3.406058418576220492e-01
3.391814259550345323e-01
3.377629669692528425e-01
3.363504399884085228e-01
3.349438202048227176e-01
3.335430829145545339e-01
3.321482035169775471e-01
3.307591575143454810e-01
3.293759205113617194e-01
3.279984682147510378e-01
3.266267764328301126e-01
3.252608210750934647e-01
3.239005781517741434e-01
3.225460237734333879e-01
3.211971341505380773e-01
3.198538855930432301e-01
3.185162545099730624e-01
3.171842174090173105e-01
3.158577508961027958e-01
3.145368316749931892e-01
3.132214365468771744e-01
3.119115424099610512e-01
3.106071262590628379e-01
3.093081651852060410e-01
3.080146363752269689e-01
3.067265171113596200e-01
3.054437847708457721e-01
3.041664168255361900e-01
3.028943908414942765e-01
3.016276844786023870e-01
3.003662754901669785e-01
2.991101417225376369e-01
2.978592611147032887e-01
2.966136116979146142e-01
2.953731715952958581e-01
2.941379190214601924e-01
2.929078322821279112e-01
2.916828897737421267e-01
2.904630699830995644e-01
2.892483514869579886e-01
2.880387129516697731e-01
2.868341331328048138e-01
2.856345908747772722e-01
2.844400651104717070e-01
2.832505348608826412e-01
2.820659792347318673e-01
2.808863774281110115e-01
2.797117087241136613e-01
2.785419524924718226e-01
2.773770881891933215e-01
2.762170953561988718e-01
2.750619536209717997e-01
2.739116426961865081e-01
2.727661423793615314e-01
2.716254325525024882e-01
2.704894931817480863e-01
2.693583043170170721e-01
2.682318460916658931e-01
2.671100987221269318e-01
2.659930425075697769e-01
2.648806578295530012e-01
2.637729251516796602e-01
2.626698250192539552e-01
2.615713380589380077e-01
2.604774449784194590e-01
2.593881265660601954e-01
2.583033636905675001e-01
2.572231373006558242e-01
2.561474284247121092e-01
2.550762181704629428e-01
2.540094877246402150e-01
2.529472183526594864e-01
2.518893913982778732e-01
2.508359882832755794e-01
2.497869905071267438e-01
2.487423796466747827e-01
2.477021373558091766e-01
2.466662453651406461e-01
2.456346854816887915e-01
2.446074395885503294e-01
2.435844896445890084e-01
2.425658176841167524e-01
2.415514058165779410e-01
2.405412362262336901e-01
2.395352911718562905e-01
2.385335529864062720e-01
2.375360040767296732e-01
2.365426269232473178e-01
2.355534040796469497e-01
2.345683181725768396e-01
2.335873519013390576e-01
2.326104880375928496e-01
2.316377094250407498e-01
2.306689989791350648e-01
2.297043396867757270e-01
2.287437146060115889e-01
2.277871068657428555e-01
2.268344996654229340e-01
2.258858762747707749e-01
2.249412200334658385e-01
2.240005143508632390e-01
2.230637427057000910e-01
